
ericarmandomartinez05/01/2020
!cjbx 68,416 8,181 17,254 71,818,645
mattstew35405/01/2020
!cjbx 11341 2197 523 8264221
guy05/01/2020
!cjbx 293,669 12,354 17,226 274,642,152
metarohan05/08/2020
!cjbx 155,536 11,892 58,278 168,927,689
WeHoTrick (Chris)05/08/2020
!cjbx 152,058 14,702.4 19,229 151,390,875
metarohan05/10/2020
!cjbx 155,892 11,909 58,337 169,041,126
Omega2Centauri05/10/2020
!cjbx 89,983 8,025 31,681 64,264,664
metarohan05/15/2020
!cjbx 156,733 11,973 58,470 169,343,809
WeHoTrick (Chris)05/17/2020
!cjbx 152,976 14,760.5 19,483 152,243,509
metarohan05/21/2020
!cjbx 157,884 12,064 58,681 169,869,419
funkychipman05/27/2020
!cjbx 114232 5677 9584 88972781
funkychipman05/28/2020
!cjbx 114319 5682 9584 89971021
Leopold.Fitz (Scottstra)05/30/2020
!cjbx 44,764 6,197.5 5,041 47,946,154
LuceJuiceX05/30/2020
!cjbx 158,811 8,526 8,850 167,729,346
WeHoTrick (Chris)Yesterday at 2:09 PM
!cjbx 154,566 14,881.4 19,771 153,815,522
ShizzaYesterday at 5:58 PM
!cjbx 249,732 18,013 6,172 205,517,724
CrackahBlingYesterday at 8:39 PM
!cjbx 92,848 4,815 11,209 121,967,253
GreenPajamaYesterday at 9:55 PM
!cjbx 300,051 10,709.1 6,639 213,503,510
ericarmandomartinezYesterday at 10:15 PM
!cjbx 71,024 9,316 17,617 74,462,890
Omega2CentauriYesterday at 10:28 PM
!cjbx 92,859 8,186 32,173 65,957,408
seffro77Yesterday at 11:45 PM
!cjbx 187,725 15,034 1,797 190,813,732
